[605769.23076923 -8413.46153846 10096.15384615 -1009615.38461538 -8413.46153846 10096.15384615 00.00000000 00.00000000 -11217.94871795 13461.53846154 00.00000000 00.00000000 00.00000000 00.00000000 ;
-8413.46153846 2019.23076923 -3365.38461538 10096.15384615 1009.61538462 -1682.69230769 11217.94871795 13461.53846154 2019.23076923 -3365.38461538 00.00000000 00.00000000 00.00000000 00.00000000 ;
10096.15384615 -3365.38461538 24230.76923077 -201923.07692308 -1682.69230769 12115.38461538 -13461.53846154 -269230.76923077 -3365.38461538 24230.76923077 00.00000000 00.00000000 00.00000000 00.00000000 ;
-1009615.38461538 10096.15384615 -201923.07692308 7269230.76923077 10096.15384615 -201923.07692308 00.00000000 00.00000000 13461.53846154 -269230.76923077 00.00000000 00.00000000 00.00000000 00.00000000 ;
-8413.46153846 1009.61538462 -1682.69230769 10096.15384615 607788.46153846 1006250.00000000 -19631.41025641 -3365.38461538 -603750.00000000 -1012980.76923077 -8413.46153846 00.00000000 00.00000000 13461.53846154 ;
10096.15384615 -1682.69230769 12115.38461538 -201923.07692308 1006250.00000000 7293461.53846154 3365.38461538 471153.84615385 -1012980.76923077 -7245000.00000000 -10096.15384615 00.00000000 00.00000000 269230.76923077 ;
00.00000000 11217.94871795 -13461.53846154 00.00000000 -19631.41025641 3365.38461538 3232788.46153846 5381250.00000000 8413.46153846 10096.15384615 1009.61538462 11217.94871795 13461.53846154 -3365.38461538 ;
00.00000000 13461.53846154 -269230.76923077 00.00000000 -3365.38461538 471153.84615385 5381250.00000000 38793461.53846150 -10096.15384615 -201923.07692308 -1682.69230769 -13461.53846154 -269230.76923077 24230.76923077 ;
-11217.94871795 2019.23076923 -3365.38461538 13461.53846154 -603750.00000000 -1012980.76923077 8413.46153846 -10096.15384615 614025.64102564 989153.84615385 8413.46153846 00.00000000 00.00000000 -13461.53846154 ;
13461.53846154 -3365.38461538 24230.76923077 -269230.76923077 -1012980.76923077 -7245000.00000000 10096.15384615 -201923.07692308 989153.84615385 7368307.69230769 10096.15384615 00.00000000 00.00000000 -269230.76923077 ;
00.00000000 00.00000000 00.00000000 00.00000000 -8413.46153846 -10096.15384615 1009.61538462 -1682.69230769 8413.46153846 10096.15384615 2019.23076923 -11217.94871795 -13461.53846154 -3365.38461538 ;
00.00000000 00.00000000 00.00000000 00.00000000 00.00000000 00.00000000 11217.94871795 -13461.53846154 00.00000000 00.00000000 -11217.94871795 3230769.23076923 5384615.38461538 00.00000000 ;
00.00000000 00.00000000 00.00000000 00.00000000 00.00000000 00.00000000 13461.53846154 -269230.76923077 00.00000000 00.00000000 -13461.53846154 5384615.38461538 38769230.76923080 00.00000000 ;
00.00000000 00.00000000 00.00000000 00.00000000 13461.53846154 269230.76923077 -3365.38461538 24230.76923077 -13461.53846154 -269230.76923077 -3365.38461538 00.00000000 00.00000000 99076.92307692 ]